Interval: [1.000000;10.000000]
Result: 0.000005
